N/A 
-140 +143

N/A 
+135 -138

N/A 
+162 -170

N/A 
+375 -413

N/A 
+109 -111

N/A 
-144 +138

N/A 
-125 +117

N/A 
+116 -120

N/A 
-110 +104

N/A 
-111 +110

N/A 
+115 -120

N/A 
+164 -170

N/A 
-257 +240

N/A 
-164 +156

N/A 
+345 -360

N/A 
 

N/A SabresPittsburgh Penguins
N/A 4546Buffalo SabresPittsburgh Penguins

-158 
+138 -147

+141 
-160 +135

-156 
+140 -154

+135 
-164 +128

+123 
-143 +135

-138 
+125 -150

+134 
-144 +130

-149 
+125 -150

+151 
-175 +160

-170 
+150 -180

+162 
-172 +155

-185 
+146 -178

+384 
-500 +376

-413 
+375 -500

+370 
-420 +360

-455 
+350 -465

+110 
-130 +108

-111 
+105 -125

+109 
-118 +100

-120 
+100 -120

-153 
+133 -144

+138 
-155 +130

-144 
+136 -154

+135 
-154 +128

-142 
+122 -125

+117 
-130 +110

-132 
+115 -125

+105 
-136 +106

+101 
-121 +115

-120 
+105 -125

+116 
-119 +100

-120 
+102 -130

-115 
-105 -108

+104 
-115 -105

-113 
+103 -110

-110 
-110 -110

-120 
+100 -111

+108 
-125 +105

-119 
+111 -125

+105 
-128 +100

-101 
-119 +115

-120 
+110 -130

+112 
-119 +105

-125 
-102 -125

+155 
-180 +163

-170 
+150 -180

+164 
-178 +155

-185 
+146 -178

-275 
+226 -257

+239 
-275 +225

-260 
+240 -270

+220 
-275 +220

-165 
+144 -170

+147 
-170 +145

-176 
+152 -169

+145 
-164 +136

+351 
-450 +285

-525 
+325 -425

+320 
-400 +280

-360 
-190 +144

-190 
+160 -189

+160 
-182 +150

